[gd_scene format=3 uid="uid://donoj468qpuom"]

[ext_resource type="PackedScene" uid="uid://ba4mmqu4b4vdr" path="res://Camara/camera_picker.tscn" id="1_1tcs1"]
[ext_resource type="Script" uid="uid://c636n3j2l2ugl" path="res://Niveles/nivel_base.gd" id="1_gm45w"]
[ext_resource type="MeshLibrary" uid="uid://ca8bf43odetom" path="res://LibreriasMesh/MallaGuiaV2.meshlib" id="2_djqg0"]
[ext_resource type="PackedScene" uid="uid://b7reuf0tc2bde" path="res://Torre/torre.tscn" id="2_mbk1m"]
[ext_resource type="PackedScene" uid="uid://bu1woi2cbal8y" path="res://Enemigos/enemigo.tscn" id="3_nihwd"]
[ext_resource type="PackedScene" uid="uid://dlhm03b4pq2xl" path="res://Castillo/castillo_rojo.tscn" id="4_0dvxo"]

[sub_resource type="ProceduralSkyMaterial" id="ProceduralSkyMaterial_djqg0"]
sky_horizon_color = Color(0.66224277, 0.6717428, 0.6867428, 1)
ground_horizon_color = Color(0.66224277, 0.6717428, 0.6867428, 1)

[sub_resource type="Sky" id="Sky_nihwd"]
sky_material = SubResource("ProceduralSkyMaterial_djqg0")

[sub_resource type="Environment" id="Environment_0dvxo"]
background_mode = 2
sky = SubResource("Sky_nihwd")
tonemap_mode = 2

[sub_resource type="StandardMaterial3D" id="StandardMaterial3D_gm45w"]
albedo_color = Color(0.013735376, 0.008321073, 0.1546815, 1)

[sub_resource type="BoxMesh" id="BoxMesh_mbk1m"]
material = SubResource("StandardMaterial3D_gm45w")
size = Vector3(60, 0.5, 60)

[sub_resource type="Curve3D" id="Curve3D_djqg0"]
_data = {
"points": PackedVector3Array(0, 0, 0, 0, 0, 0, -25.513203, 0, 13.973327, -0.8, 0, 1.5, 0.8, 0, -1.5, 10, -0.1, 14.1, 0.7, 0, 0.7, -0.7, 0, -0.7, 9.7148905, 0, 6.5047073, 0.5, 0, 0.5, -0.5, 0, -0.5, -13.616288, 0, 6.108143, -0.5, 0, 0.5, 0.5, 0, -0.5, -13.946757, 0, -1.9553232, -0.6, 0, 0.5, 0.6, 0, -0.5, 9.979264, 0, -2.2857933, 0.5, 0, 0.6, -0.5, 0, -0.6, 9.979264, 0, -9.754415, 0.6, 0, 0.5, -0.6, 0, -0.5, -9.708152, 0, -9.622226, 0, 0, 0, 0, 0, 0, -10.245494, 0, -13.918334),
"tilts": PackedFloat32Array(0, 0, 0, 0, 0, 0, 0, 0, 0)
}
point_count = 9

[node name="Nivel_Base" type="Node3D" unique_id=506045467]
script = ExtResource("1_gm45w")
modelo_torre = ExtResource("2_mbk1m")

[node name="WorldEnvironment" type="WorldEnvironment" parent="." unique_id=1563804707]
environment = SubResource("Environment_0dvxo")

[node name="DirectionalLight3D" type="DirectionalLight3D" parent="." unique_id=844602066]
transform = Transform3D(-0.8660254, -0.43301278, 0.25, 0, 0.49999997, 0.86602545, -0.50000006, 0.75, -0.43301266, 0, 0, 0)
shadow_enabled = true

[node name="CameraPicker" parent="." unique_id=528927108 instance=ExtResource("1_1tcs1")]
transform = Transform3D(1, 0, 0, 0, 0.48660982, 0.87361944, 0, -0.87361944, 0.48660982, 0, 22.757378, 17.018373)

[node name="piso_referencia" type="MeshInstance3D" parent="." unique_id=1421174027]
transform = Transform3D(1, 0, 0, 0, 1, 0, 0, 0, 1, 0, -2.156084, 0)
mesh = SubResource("BoxMesh_mbk1m")

[node name="GridMap" type="GridMap" parent="." unique_id=43850623]
mesh_library = ExtResource("2_djqg0")
cell_size = Vector3(4, 2, 4)
data = {
"cells": PackedInt32Array(65531, 65531, 6, 65531, 65532, 6, 65531, 65533, 6, 65531, 65534, 6, 65531, 65535, 6, 65531, 0, 6, 65531, 1, 6, 65531, 2, 6, 65531, 4, 6, 65532, 65531, 6, 65532, 65532, 6, 65532, 65533, 6, 65532, 65534, 6, 65532, 2, 6, 65532, 4, 6, 65533, 65531, 6, 65533, 65534, 6, 65533, 0, 6, 65533, 2, 6, 65533, 4, 6, 65534, 65531, 6, 65534, 65532, 6, 65534, 65534, 6, 65534, 0, 6, 65534, 2, 6, 65534, 4, 6, 65535, 65531, 6, 65535, 65532, 6, 65535, 65534, 6, 65535, 0, 6, 65535, 2, 6, 65535, 4, 6, 0, 65531, 6, 0, 65532, 6, 0, 65534, 6, 0, 0, 6, 0, 2, 6, 0, 4, 6, 1, 65531, 6, 1, 65532, 6, 1, 65534, 6, 1, 0, 6, 1, 2, 6, 1, 4, 6, 2, 65531, 6, 2, 65532, 6, 2, 0, 6, 2, 4, 6, 3, 65531, 6, 3, 65532, 6, 3, 65533, 6, 3, 65534, 6, 3, 65535, 6, 3, 0, 6, 3, 1, 6, 3, 2, 6, 3, 3, 6, 3, 4, 6, 4, 65531, 6, 4, 65532, 6, 4, 65533, 6, 4, 65534, 6, 4, 65535, 6, 4, 0, 6, 4, 1, 6, 4, 2, 6, 4, 3, 6, 4, 4, 6)
}

[node name="CaminoPrincipal" type="Path3D" parent="." unique_id=844076808]
transform = Transform3D(1, 0, 0, 0, 1, 0, 0, 0, 1, 0, 0.45, 0)
curve = SubResource("Curve3D_djqg0")

[node name="Camino" type="CSGPolygon3D" parent="CaminoPrincipal" unique_id=1084305701]
polygon = PackedVector2Array(-2, 0, -2, 0.5, 1.5, 0.5, 1.5, 0)
mode = 2
path_node = NodePath("..")
path_interval_type = 0
path_interval = 1.0
path_simplify_angle = 0.0
path_rotation = 2
path_rotation_accurate = false
path_local = false
path_continuous_u = true
path_u_distance = 1.0
path_joined = false

[node name="LimiteDerecho" type="CSGPolygon3D" parent="CaminoPrincipal" unique_id=1988830621]
polygon = PackedVector2Array(1.4, 0, 1.695, 0.7, 2, 0.7, 2, 0)
mode = 2
path_node = NodePath("..")
path_interval_type = 0
path_interval = 1.0
path_simplify_angle = 0.0
path_rotation = 2
path_rotation_accurate = false
path_local = false
path_continuous_u = true
path_u_distance = 1.0
path_joined = false

[node name="Enemigo" parent="CaminoPrincipal" unique_id=1628923201 instance=ExtResource("3_nihwd")]
transform = Transform3D(0.040916808, 0.0028663392, 0.99912924, 1.694604e-05, 0.99998224, -0.0028693909, -0.9991513, 0.00013434122, 0.040915858, -21.517, -0.011490361, 14.14612)
progress = 4.0
loop = false
speed = 9.0
hp = 20

[node name="Enemigo2" parent="CaminoPrincipal" unique_id=220212554 instance=ExtResource("3_nihwd")]
transform = Transform3D(0.036905833, 0.0028608553, 0.9992828, 2.8453383e-05, 0.9999801, -0.0028638104, -0.9993053, 0.00013412823, 0.03690492, -17.520159, -0.022956843, 14.301786)
progress = 8.0
loop = false
speed = 9.0
hp = 20

[node name="Enemigo3" parent="CaminoPrincipal" unique_id=873450625 instance=ExtResource("3_nihwd")]
transform = Transform3D(0.032525677, 0.0028548725, 0.9994353, 4.09924e-05, 0.9999801, -0.0028576732, -0.9994596, 0.00013392062, 0.03252477, -13.522455, -0.03440091, 14.4408655)
progress = 12.0
loop = false
speed = 9.0
hp = 20

[node name="Enemigo4" parent="CaminoPrincipal" unique_id=864683887 instance=ExtResource("3_nihwd")]
transform = Transform3D(0.027248124, 0.0028476713, 0.99959534, 5.6061024e-05, 0.99998224, -0.0028502126, -0.9996174, 0.00013370489, 0.027247364, -9.524269, -0.045817617, 14.560811)
progress = 16.0
loop = false
speed = 9.0
hp = 20

[node name="Enemigo5" parent="CaminoPrincipal" unique_id=1702176721 instance=ExtResource("3_nihwd")]
transform = Transform3D(0.020360993, 0.0028382582, 0.99975693, 7.566327e-05, 0.9999798, -0.0028403434, -0.99978113, 0.00013348072, 0.020360285, -5.5254307, -0.057200175, 14.6567335)
progress = 20.0
loop = false
speed = 9.0
hp = 20

[node name="Enemigo6" parent="CaminoPrincipal" unique_id=394281931 instance=ExtResource("3_nihwd")]
transform = Transform3D(0.010454326, 0.0028247347, 0.9999097, 0.000103734776, 0.999982, -0.0028259237, -0.9999341, 0.00013327239, 0.010453777, -1.5258868, -0.06853539, 14.719758)
progress = 24.0
loop = false
speed = 9.0
hp = 20

[node name="CastilloRojo" parent="." unique_id=1589760427 instance=ExtResource("4_0dvxo")]
transform = Transform3D(1, 0, 0, 0, 1, 0, 0, 0, 1, -9.969196, 3.6613455, -15.49521)

[connection signal="celda_seleccionada" from="CameraPicker" to="." method="_on_camera_picker_celda_seleccionada"]
